n_f=5000;
n_w=50000;

